11

38 58
94
18 6
37 43
23 28
18 36
27 5
32 42
4 18
6 37
14 6
28 28
24 42
28 35
9 45
6 27
34 12
26 45
17 40
30 42
8 40
37 31
11 39
15 11
34 9
36 43
28 30
13 46
30 40
29 21
15 3
25 34
3 31
19 26
18 44
16 8
1 6
17 56
25 30
0 36
9 42
10 40
24 35
30 21
21 44
11 29
35 18
3 55
29 11
37 54
12 17
29 8
10 19
20 2
34 7
35 24
18 1
21 48
9 26
31 31
28 38
6 52
35 0
21 39
10 56
29 0
30 24
30 30
0 14
16 36
10 4
18 55
21 0
26 19
8 41
1 23
2 52
2 12
11 51
20 55
0 21
0 57
26 6
11 24
36 46
1 27
18 46
14 41
36 4
27 48
0 44
20 0
30 16
17 25
2 56
19 43
68 6

28 53
69
26 41
17 43
20 35
5 46
21 13
19 1
2 25
4 39
10 7
1 16
25 52
25 52
13 24
18 10
15 3
8 35
4 9
2 3
5 39
22 0
7 42
10 4
9 4
20 15
16 34
2 41
25 39
11 37
24 37
11 39
26 39
8 44
0 4
11 18
1 23
16 22
16 52
14 38
25 27
13 15
12 43
23 42
27 2
16 18
19 52
18 6
14 36
4 44
4 24
16 10
17 7
10 18
15 37
27 42
27 48
21 0
11 51
17 47
19 48
18 19
13 17
12 44
3 34
11 20
0 24
10 31
4 42
3 16
13 12
27 5

57 34
64
29 9
38 3
15 6
26 23
12 8
11 16
53 32
46 1
25 31
44 31
55 8
18 18
53 6
47 3
32 25
6 31
21 13
11 5
47 10
22 28
25 19
24 8
22 16
25 25
33 12
27 27
30 17
21 32
37 6
31 10
55 13
49 21
0 24
30 20
16 29
25 18
29 33
39 32
39 10
1 2
11 27
21 26
48 22
1 7
12 0
16 7
45 6
46 14
44 30
10 31
31 15
5 14
45 17
13 3
42 17
17 6
17 17
54 2
39 31
28 8
47 8
20 19
28 26
39 19
90 9

56 39
142
1 0
26 26
51 14
42 1
31 29
22 37
26 10
34 36
23 38
4 21
42 36
38 15
53 13
11 8
6 38
3 18
36 4
44 30
52 28
37 17
47 9
50 37
51 5
32 18
36 26
11 35
21 12
8 14
0 36
27 0
17 13
23 23
27 29
53 13
26 23
34 15
22 24
19 1
8 15
4 23
16 8
34 4
9 9
55 35
46 30
24 30
8 21
29 38
43 17
26 19
45 22
14 22
0 15
53 15
54 20
36 11
1 24
36 27
42 23
28 29
14 36
8 36
28 13
42 19
48 16
52 10
1 1
17 12
12 34
50 36
40 4
49 22
45 13
20 13
16 22
48 29
29 30
37 16
22 2
40 14
3 2
4 34
14 35
46 9
4 24
5 25
54 32
54 7
35 8
3 32
35 30
50 17
20 38
17 15
22 8
25 36
5 4
14 31
35 0
31 37
28 14
52 2
3 10
39 3
37 8
2 26
6 8
49 21
12 17
52 26
36 16
29 14
36 16
6 37
32 13
23 29
41 9
55 25
37 2
11 26
9 25
4 10
50 36
25 18
32 7
10 17
27 29
55 32
10 4
47 11
10 16
15 35
1 32
24 23
37 10
41 35
32 3
45 35
11 16
18 31
19 20
0 35
83 10

49 53
69
18 0
45 47
24 37
29 8
42 15
22 8
37 47
37 26
39 38
48 29
1 42
43 21
34 34
11 10
3 41
2 13
24 39
15 14
7 18
47 43
13 41
17 48
24 14
45 38
1 2
3 39
29 1
40 33
11 47
8 22
39 28
47 14
24 21
23 48
14 30
42 30
47 47
34 33
26 5
48 40
36 44
36 9
10 25
40 6
35 12
2 44
20 42
5 12
19 14
31 7
6 4
17 21
40 21
32 19
47 31
1 12
39 23
11 25
26 44
36 46
12 39
4 2
39 23
32 50
38 1
48 18
44 1
4 16
23 0
30 8

54 37
107
44 30
36 24
29 30
22 2
52 26
33 14
45 30
43 7
52 25
23 36
41 2
36 18
44 25
6 23
5 27
1 5
25 4
17 18
13 1
0 4
10 11
40 9
15 15
34 30
25 25
29 19
1 29
27 11
2 1
38 22
30 33
20 12
40 28
19 27
1 6
10 34
30 28
13 36
3 22
5 24
12 14
19 16
24 36
4 17
42 3
13 7
45 1
53 14
48 27
46 21
53 36
23 28
30 2
36 27
8 12
39 13
17 14
50 11
14 34
46 7
21 23
53 29
16 11
5 31
32 26
38 12
15 26
38 9
6 1
2 16
41 30
50 3
9 14
7 14
25 35
41 5
37 14
37 2
39 19
43 5
2 5
27 26
51 29
41 23
49 14
33 7
47 24
2 7
38 32
3 5
25 15
17 8
48 1
25 33
5 36
29 21
3 28
18 36
31 2
19 7
27 17
24 31
6 18
1 35
35 32
31 0
11 29
68 6

65 73
95
64 21
52 42
44 26
19 8
19 38
30 12
25 28
6 56
16 11
42 13
49 18
11 38
35 18
42 71
41 40
10 32
11 52
44 38
18 23
1 45
22 34
34 37
43 32
47 5
18 45
45 68
25 50
5 47
20 50
59 4
30 11
41 5
4 21
35 53
22 59
61 17
6 50
26 51
8 26
47 20
37 44
30 45
20 32
62 41
19 32
41 11
0 65
27 34
41 29
28 25
36 7
42 60
57 48
30 50
15 7
28 56
43 70
54 24
32 15
41 23
47 21
37 18
35 36
53 67
0 50
9 48
42 30
18 25
58 58
38 64
63 0
64 68
63 60
42 26
42 68
20 34
36 69
8 13
60 16
22 8
14 68
35 19
22 59
30 14
39 47
24 21
7 21
19 28
16 20
42 51
17 0
21 16
59 34
63 28
27 5
31 7

55 61
18
35 2
44 10
11 42
9 29
29 32
42 53
40 3
30 20
36 46
51 26
9 39
46 0
14 34
30 50
19 5
37 52
53 1
43 41
92 11

47 38
54
44 27
15 27
44 19
0 12
24 34
17 9
38 25
24 17
1 9
5 18
41 30
36 15
20 27
2 14
21 26
6 20
6 11
39 18
35 31
31 23
45 36
14 21
35 32
16 11
25 2
32 37
19 1
12 16
21 25
32 37
12 26
19 7
39 7
27 24
9 33
45 22
40 36
45 11
9 37
43 33
41 29
37 27
29 3
32 37
22 8
4 20
35 34
11 12
15 31
34 36
29 23
32 15
23 35
8 13
37 6

56 57
168
1 16
45 54
9 39
28 8
18 24
15 28
11 52
44 43
30 24
14 32
31 22
43 55
38 23
1 50
39 37
48 40
35 30
40 31
53 3
0 43
55 39
41 1
42 40
22 40
22 13
45 6
17 9
52 2
15 12
49 37
52 55
22 21
47 17
4 56
3 11
43 7
44 16
37 43
25 12
55 24
23 0
13 36
21 50
48 18
46 50
3 31
10 35
43 36
0 7
53 31
20 53
46 27
36 7
6 45
14 14
5 20
50 17
45 0
11 54
4 32
6 48
28 14
2 34
26 53
47 3
46 35
48 42
3 29
47 51
2 43
55 4
26 55
9 23
32 47
21 48
6 43
13 20
12 41
34 9
41 55
7 0
20 28
51 54
12 9
0 8
31 32
6 34
32 49
25 4
36 12
14 38
1 51
5 30
26 15
37 8
32 26
43 5
27 9
43 30
49 26
39 45
11 10
34 6
45 55
20 18
33 6
52 40
5 32
16 27
8 11
43 19
9 43
20 52
20 43
45 29
3 39
46 29
41 16
41 28
11 46
41 0
40 20
46 27
7 54
21 2
28 49
40 5
6 5
43 47
36 42
8 19
44 13
37 49
22 26
44 18
28 25
5 42
51 2
3 16
43 43
1 23
1 14
37 46
30 29
18 42
40 32
33 30
9 27
26 8
20 43
49 44
28 45
6 48
35 18
9 5
1 0
21 30
36 0
50 9
51 16
4 35
7 31
48 27
19 31
33 14
17 4
32 3
9 7
76 8

37 59
30
23 55
7 2
1 46
18 45
14 19
33 47
36 42
11 37
16 42
5 41
19 14
2 47
33 51
21 25
7 55
19 15
29 15
25 56
6 25
7 4
4 47
4 40
22 24
33 15
31 50
32 26
24 56
8 40
14 22
17 28
35 5
