9

26 73
12
13 26
15 53
15 19
24 3
8 70
20 67
10 12
19 6
16 41
20 4
22 30
24 23
91 8

41 59
17
36 32
33 41
30 15
18 39
24 32
28 39
28 40
5 28
6 2
9 13
5 50
18 56
33 14
31 50
21 38
40 17
17 50
79 20

57 35
108
36 19
36 25
16 27
40 10
22 13
36 31
45 13
3 15
15 4
17 20
42 24
42 10
51 0
11 11
27 29
2 3
14 9
46 8
36 6
31 5
17 14
14 30
53 29
2 2
50 28
12 34
25 0
52 15
51 28
45 8
48 25
3 13
45 16
52 13
39 16
42 31
53 31
36 13
48 13
19 1
50 26
36 0
45 33
29 28
54 31
20 27
39 25
26 10
33 4
11 7
38 30
46 17
27 7
43 28
55 22
19 16
53 18
26 7
4 33
40 21
31 14
22 5
43 7
0 24
3 27
9 33
40 23
35 25
56 11
45 5
44 25
5 1
21 26
41 3
45 9
2 32
2 3
48 5
47 30
40 11
36 26
10 22
23 24
46 34
26 8
52 23
1 14
13 32
47 22
24 8
53 13
29 8
10 31
35 3
44 9
26 3
44 0
2 5
40 14
8 14
42 33
55 34
19 28
42 7
24 20
3 23
51 9
51 3
14 4

58 32
15
22 17
31 18
9 10
35 20
28 22
27 9
57 26
24 17
51 3
18 20
26 6
57 8
0 17
50 27
38 28
53 5

55 31
14
49 16
42 3
12 17
20 16
9 11
45 6
7 0
31 28
37 13
45 4
21 30
14 13
34 21
25 3
92 8

37 49
116
7 46
32 27
6 14
25 5
17 13
20 7
36 3
0 28
21 17
6 19
17 21
18 12
22 21
35 44
19 8
15 16
22 40
21 47
19 42
2 46
3 31
27 35
1 7
10 46
26 44
2 38
17 14
17 38
3 15
19 47
1 35
28 38
1 14
15 36
36 45
36 20
2 43
20 17
10 26
20 36
18 41
6 42
36 37
16 47
32 21
3 31
4 21
20 38
36 13
4 0
8 15
31 41
23 31
7 26
1 29
11 34
6 45
32 38
35 16
0 47
18 42
5 6
28 11
6 7
16 26
35 44
7 32
12 11
22 3
4 33
25 8
35 15
27 7
14 47
35 45
11 22
12 36
2 9
12 33
24 28
34 33
30 7
30 17
27 41
19 18
31 8
3 9
17 35
0 32
26 1
2 40
16 28
10 12
33 25
5 15
7 12
21 39
14 21
0 0
22 32
28 48
19 44
8 25
18 30
24 19
7 42
2 11
19 42
35 19
28 26
28 34
35 34
15 14
19 41
31 24
5 37
100 13

53 44
20
35 27
23 28
17 35
21 43
51 4
22 36
37 18
47 17
15 9
9 29
39 5
3 10
51 14
14 39
0 33
38 15
42 24
0 8
44 38
15 6
9 3

49 49
121
9 40
42 38
39 7
30 41
25 15
19 37
37 34
6 16
30 11
29 37
37 2
45 12
3 32
37 41
22 21
17 36
31 31
44 10
7 21
37 25
18 32
22 12
33 6
23 29
22 20
22 3
20 16
48 23
15 23
0 36
29 38
20 17
32 16
37 20
46 39
27 30
48 15
27 5
39 37
8 1
9 13
34 35
9 29
8 33
26 25
19 13
35 11
27 44
16 18
13 20
2 13
28 45
1 6
43 6
12 46
15 8
43 21
6 0
38 9
34 14
27 15
26 9
4 13
36 9
30 20
38 5
1 37
43 18
29 8
5 42
1 47
19 20
25 1
10 26
45 14
30 0
9 29
47 12
27 13
39 35
40 8
1 28
2 47
11 44
42 37
35 16
41 0
1 10
36 17
31 11
11 38
18 17
35 20
38 16
7 13
26 28
13 4
2 27
27 20
8 13
34 20
20 48
10 31
48 21
37 2
40 35
4 48
24 9
31 44
8 14
47 38
47 39
17 16
37 0
18 44
20 45
45 8
39 41
18 6
8 38
30 7
8 3

52 79
239
7 20
31 3
34 18
21 28
32 3
35 20
30 17
14 30
18 14
41 49
39 53
11 51
21 74
49 29
26 5
23 18
10 41
46 67
47 76
10 31
15 49
15 44
28 78
42 51
34 34
41 13
45 66
28 30
35 59
44 56
45 8
48 39
21 71
0 4
9 72
19 18
3 62
23 4
40 8
31 49
48 53
47 0
21 52
8 76
0 65
46 72
20 49
25 18
36 35
34 60
12 33
23 21
40 37
51 52
11 56
2 62
27 9
1 45
24 69
4 69
15 17
46 54
45 69
1 58
49 45
0 4
42 15
4 44
45 50
35 48
38 68
39 33
39 44
37 35
3 17
40 40
17 62
5 51
30 62
16 53
47 45
40 56
39 3
43 9
25 13
12 31
16 63
25 30
45 40
46 13
28 65
18 42
18 43
8 75
34 19
28 5
17 2
42 46
37 58
13 9
12 62
26 78
29 26
35 26
13 69
50 74
13 68
39 53
44 26
31 9
24 74
8 31
0 27
21 57
36 58
0 3
12 28
1 64
1 7
44 71
43 50
32 3
35 53
39 47
47 3
5 20
30 21
36 75
40 55
19 5
16 41
49 76
21 11
22 74
36 47
13 46
4 3
35 8
45 2
18 56
44 62
8 58
41 78
28 3
27 58
6 64
43 70
24 40
2 73
39 51
8 76
17 10
50 42
32 56
50 24
32 25
26 60
41 66
38 9
21 64
18 52
8 38
7 6
26 21
26 10
0 17
42 65
51 62
22 50
8 24
5 23
39 3
33 4
24 68
51 9
36 55
25 23
30 26
1 69
45 5
47 16
14 8
15 53
30 60
48 61
33 75
30 30
38 14
2 19
7 22
35 31
22 65
41 42
44 33
33 9
46 33
7 64
18 57
50 62
35 39
38 19
1 0
14 9
4 58
29 71
21 7
8 28
49 52
43 59
39 24
3 74
5 44
19 49
9 73
23 35
44 27
10 43
30 78
36 16
44 31
22 8
26 6
32 31
3 4
40 39
0 30
29 36
31 15
33 17
17 13
9 72
18 57
31 17
47 39
7 64
5 16
4 5
12 5
6 55
95 21
