8

36 61
75
1 60
27 17
23 19
9 57
1 46
10 50
2 16
30 52
8 14
31 37
24 54
31 59
18 34
26 40
17 43
27 55
0 13
15 12
6 55
0 46
34 31
26 25
26 60
5 37
1 18
0 25
11 18
20 38
31 45
23 50
9 38
27 13
33 59
32 24
10 36
10 35
4 46
21 56
18 19
24 1
22 47
4 52
16 51
23 1
31 50
3 6
5 39
30 20
16 47
22 30
19 55
11 31
30 7
13 29
3 60
7 4
2 57
3 54
31 28
9 25
32 48
11 48
3 51
1 6
27 54
6 0
16 45
14 33
29 0
18 20
5 34
2 49
16 24
5 20
7 39
22 6

47 39
19
29 30
26 4
2 1
28 32
18 10
43 20
43 16
6 10
32 26
40 26
38 8
41 0
28 19
11 38
28 8
33 31
45 0
10 24
44 38
71 7

40 49
86
9 41
21 33
7 29
36 39
3 21
17 13
14 16
13 11
13 20
31 2
14 46
26 2
21 1
19 1
11 6
11 38
4 34
0 26
30 36
10 3
25 21
3 4
38 11
17 13
10 26
10 14
20 37
5 8
5 19
0 13
3 34
29 33
36 24
10 1
9 32
12 29
32 20
18 41
23 9
34 29
36 26
3 10
33 16
35 8
17 34
38 21
38 28
19 0
8 21
13 24
34 5
4 14
25 48
17 24
1 17
26 45
7 4
39 18
22 35
22 11
21 4
4 45
0 47
6 41
37 3
18 35
28 32
9 0
28 12
14 40
29 34
12 34
14 4
29 14
37 36
19 11
25 18
29 34
23 13
26 41
38 5
35 35
11 33
32 19
23 21
14 36
67 7

52 29
46
43 17
34 15
44 18
44 28
33 19
39 12
48 17
31 13
26 6
32 21
27 24
13 1
38 4
20 24
3 27
13 15
30 10
1 18
3 5
43 26
27 18
22 5
21 6
40 2
12 7
17 14
29 13
36 2
41 7
0 3
30 13
43 5
13 12
36 28
42 12
29 4
5 20
16 20
29 11
49 1
0 2
32 12
45 7
21 24
25 3
7 5
85 4

31 53
48
2 10
10 35
24 27
22 10
26 4
18 38
2 31
5 3
8 44
25 26
15 42
8 28
30 3
4 37
7 22
21 4
22 3
26 14
16 0
5 41
20 17
0 11
4 32
8 42
30 22
10 30
2 37
13 25
8 36
30 49
23 46
20 50
16 19
26 5
1 36
11 34
21 30
10 29
12 38
2 12
17 12
22 19
29 6
17 16
20 12
20 49
1 3
23 34
45 12

58 66
86
48 60
14 42
0 62
25 4
33 35
25 28
23 6
50 10
42 4
3 45
17 21
33 53
42 4
25 26
19 65
17 21
23 19
15 8
34 43
8 64
49 13
30 38
44 48
8 42
31 34
3 51
12 40
25 20
16 32
12 4
49 48
45 23
53 16
30 17
35 41
23 4
48 40
32 5
1 22
46 2
28 0
14 43
11 22
29 15
23 40
6 19
54 38
13 23
46 4
13 47
57 54
42 28
15 24
16 45
33 12
40 33
46 31
36 49
28 4
28 41
32 14
50 64
19 30
4 41
40 60
24 8
38 6
22 4
1 2
54 6
35 27
38 25
18 46
16 44
15 4
24 26
12 7
2 3
14 43
31 4
8 65
21 15
48 47
35 29
15 1
26 63
45 8

35 70
137
0 39
17 55
7 35
30 26
7 10
32 2
8 7
7 36
11 23
0 62
32 56
18 63
33 63
28 52
25 12
29 22
19 2
2 11
14 26
14 44
12 34
6 46
24 67
20 48
18 35
33 56
26 62
20 16
11 36
14 49
1 48
16 43
31 20
23 18
28 57
21 37
25 40
14 4
18 61
3 69
32 48
5 1
18 0
2 26
17 41
19 16
1 18
15 0
31 9
31 50
18 24
6 30
34 55
12 55
31 29
7 15
29 64
29 60
28 59
30 43
1 45
5 49
27 2
23 67
12 23
24 32
27 7
28 65
27 26
33 52
9 0
6 17
7 38
27 13
21 47
34 57
14 58
2 51
13 41
6 26
23 38
22 65
2 62
30 62
9 6
6 28
11 54
22 25
3 65
8 62
14 24
24 19
1 28
11 27
30 61
6 17
24 65
22 29
21 26
9 29
23 8
4 63
18 46
6 38
30 56
22 26
11 10
15 47
4 59
15 62
21 11
6 22
28 46
14 5
34 14
34 1
29 34
10 38
7 24
10 64
20 37
24 44
21 8
32 52
21 37
25 60
24 7
30 66
13 17
8 22
23 48
24 8
11 29
18 47
6 65
10 5
14 3
67 9

30 52
21
24 38
11 1
27 32
9 19
3 46
18 49
8 9
9 46
4 23
0 0
17 50
19 33
27 43
15 33
26 46
2 14
22 44
16 33
7 21
4 44
21 28
22 6
